.Random.seed <-
c(403L, 10L, 2007098775L, 1876235518L, 414449336L, 363421851L, 
-328200455L, 852623432L, 1144968054L, -385038671L, 1222182627L, 
1466070450L, -1926799868L, -662448825L, 258134045L, 1707947668L, 
-601850310L, 1997344901L, 492492127L, 14515686L, 163714160L, 
69224339L, -787902415L, -1196040480L, -1161390210L, -979268087L, 
1189865019L, 1480275978L, 1000105964L, -963031953L, -1052892251L, 
-1912749220L, -1598820558L, 1560043053L, 1328387303L, -1417472498L, 
-1918104600L, 869332459L, 864788105L, -1639723496L, 1862255942L, 
1155838881L, 295861811L, 1124889506L, 1671988884L, 1312654615L, 
1937720077L, 903049764L, -1781810678L, 1253884789L, 125896399L, 
1497270742L, -1659837056L, -936682045L, -246809759L, -1764695600L, 
200702254L, 42582233L, -767190293L, -2077980838L, 1363476764L, 
1548486687L, 333501557L, -1515859700L, -1221116702L, -1748642371L, 
1255760439L, 328495326L, -886850536L, -2096979077L, 1151095577L, 
-132616280L, 1685778262L, 976181201L, 2022671235L, 1593533970L, 
812056996L, 2995559L, -1645462851L, 1307261492L, -310558310L, 
-407298587L, 1619622271L, 1092047110L, -431609200L, -417137869L, 
1140162769L, -782364032L, 1059701598L, 1994354857L, 827102043L, 
1798250858L, 594232332L, 1684415567L, -117140219L, -176269892L, 
1869471890L, 1859523469L, -368057401L, -238774098L, 219715848L, 
-460511477L, -1351638551L, -1234590024L, 1460408678L, -1561406975L, 
-559084397L, 924743490L, 785385716L, 1183991031L, -73753363L, 
1594183556L, 1896366506L, -1318455531L, 424355247L, -1952297546L, 
-283790368L, 84368163L, -631186367L, 2005380912L, -1606173362L, 
-376569927L, -1706477109L, 1312832122L, 1707782012L, 1547370431L, 
-579409771L, -1179019604L, 476234882L, 420717661L, 1437772631L, 
-764561858L, 1355807352L, -998340261L, -1026250567L, -946452216L, 
478886838L, 1142126833L, 1577316131L, -2053736078L, 439233476L, 
1144735623L, 1187450205L, 2072404820L, -1532724870L, 163558597L, 
-240327137L, 1235022246L, 1766630192L, -1558425133L, 208410609L, 
1060155680L, -1203023938L, -487505975L, 690671483L, 815379786L, 
-1328152148L, -613213009L, -277707163L, 1250213404L, 45805682L, 
204089069L, -96859353L, 1461544782L, 1087229864L, 350378923L, 
-1665967927L, 854876376L, 1342504326L, 906253409L, 1260918259L, 
575558754L, 703517396L, 1510167511L, -1506129459L, 1352711524L, 
407812426L, 1239646389L, -1752029169L, 792215830L, 531307456L, 
1888925571L, 582981025L, 946231696L, -252353938L, 1997190169L, 
-2050381653L, 485891226L, -294445988L, 424282463L, -56345803L, 
759340748L, -422294494L, -430223747L, -1964231817L, 129436830L, 
-373032104L, 849379003L, 891363417L, -617765912L, 926262806L, 
-651081327L, -1007392189L, -2023708334L, 1988320740L, -1389657049L, 
291795069L, 1183014260L, -1564995238L, 1814157221L, -343689281L, 
-756200378L, -2077697328L, 895427827L, -880688623L, -437586880L, 
1884862494L, 1298712297L, -1434725349L, -254182358L, 1444962124L, 
491570447L, 1140836421L, -201068036L, 577413202L, -541308467L, 
-1175659641L, 220581486L, -2136162744L, 353567058L, -176580896L, 
1801586380L, -1382807392L, -1049180286L, -1677777176L, 1224978156L, 
1195118652L, 1937221234L, -2015087504L, -1745597916L, 111663160L, 
225923098L, -1099209008L, -654492612L, -1920234348L, 11798658L, 
-289591360L, 482343228L, -1794697584L, -811270110L, 1110325256L, 
-1269642100L, 230937628L, 230632082L, -322506624L, 111105044L, 
1723713832L, -41547206L, 935335120L, -1343908756L, -1575584076L, 
220858386L, 1385007072L, -664431668L, -309006880L, 373416482L, 
1332673832L, 525505804L, -120910276L, 1486225650L, -767652112L, 
2038779716L, -2070995368L, 413465146L, -1404444944L, -1447874372L, 
-2047073772L, 1380951234L, -695643040L, -2142069380L, 376979664L, 
-884739038L, 63950504L, 173777804L, -1653260868L, -720720846L, 
1245497152L, 349525172L, -606951608L, 783907514L, 556605200L, 
-768619284L, 1744540756L, 1990987538L, -2027649120L, -1795836980L, 
1996907360L, 1642632386L, 1435891240L, 1600230828L, -702690500L, 
948565874L, -906021072L, 2041533988L, -2139450312L, -527978278L, 
-1150319216L, -1844417796L, 1068778388L, 755238722L, -1611936256L, 
-1835534788L, 1858353744L, 528590498L, 490668872L, 485650956L, 
-6821668L, 525806162L, -1081724800L, 1673005908L, -822569496L, 
-676438278L, 995535696L, 1483168812L, -1405982348L, -955795822L, 
2040172128L, 1677444748L, 1257547616L, -88208670L, 650219688L, 
876604620L, 701211132L, -1172467790L, -181114384L, 48149956L, 
-620618920L, -1718980742L, -779795024L, 1978623420L, 643974228L, 
2054969282L, 604624672L, -1693602884L, -722745776L, -1193932318L, 
-999668376L, -108372660L, 2005873916L, -49321230L, -1886715136L, 
1777503860L, -2037017592L, -746493510L, 1849816016L, 1530209772L, 
-111472748L, 561970898L, 907557472L, 1158839628L, 335597856L, 
-998666622L, 1464690152L, 1697244140L, -1717167556L, 1606239858L, 
1628011376L, 1665323300L, -1563315656L, 1842411930L, -1930768944L, 
-21623364L, -1781754732L, -1955293054L, -1929634368L, 5082940L, 
724304016L, 66194210L, -2082551288L, -1502664436L, 418826652L, 
158452242L, -1543262336L, -1946367212L, 440140072L, -302430150L, 
-1572725808L, 748072556L, -850496972L, -2131269998L, -52568736L, 
494750028L, -1980533792L, -245341790L, -830031448L, 873526924L, 
-592790084L, 1821700722L, -1430189072L, 1235337796L, -256085928L, 
-369703878L, -565037968L, 978691132L, -582965996L, -370242878L, 
-152095008L, 1221725308L, -529102128L, 692742562L, -324592600L, 
-1318967540L, -737636932L, -1993578702L, -1965707584L, -1184608204L, 
-1196175672L, -1357412166L, -1361173872L, -10453268L, 301783636L, 
-1493455214L, -1049842400L, -1400134196L, -1375891744L, 1378796738L, 
953547816L, 688272300L, 597339836L, -289187854L, 526875184L, 
866362276L, 1924656568L, 1008652122L, -106110832L, -191557764L, 
-1612286700L, -1246992062L, 1916835072L, -45940292L, -1128749744L, 
-1391742686L, 1795723848L, 446088204L, -338152868L, -1945541166L, 
1736007168L, 155842900L, -1352315672L, 1900345594L, 1058405072L, 
745668396L, 167126260L, -1034273390L, -1793642144L, -2126663668L, 
-516009479L, -2125024981L, -453404004L, -734433078L, 789494207L, 
-1253667575L, -1807675874L, 91411404L, -158793315L, -2138391513L, 
1446666832L, 1137946350L, -346167397L, -242919939L, 1805699306L, 
-212927608L, -1678478031L, -1164268125L, -1575863900L, -2089739182L, 
1400489895L, 1856214001L, 1719478070L, 1145963476L, -1494914715L, 
-651643537L, -790771800L, 53488902L, 267039795L, 1433883285L, 
393536242L, -547296448L, -2019180375L, 779126043L, 1943012076L, 
-205955334L, -528224465L, 29282105L, -1492528818L, -795906148L, 
-1731592947L, -1798477961L, -1120328832L, -1852687906L, -884195669L, 
-474332755L, 1949357594L, -2003973928L, -55151295L, -1190101517L, 
386919444L, 21082530L, 1850762935L, 1728934017L, -1030731642L, 
-577053500L, 469809653L, 1403270239L, -1154505032L, -874158186L, 
-1509982813L, 17408357L, 313133186L, 2115985904L, -36522087L, 
-933105269L, 976735356L, 2120623786L, -1819475745L, 596846185L, 
-366988162L, -1418716052L, -38454083L, -1297492601L, -1335217808L, 
-2144754674L, 365517115L, -613177827L, 217807562L, 2129229288L, 
-35104047L, -431970621L, 13143492L, 989989490L, -1228844217L, 
128117521L, -1201514858L, -647222284L, -2047617659L, -8320817L, 
-1589403192L, -1698930586L, 2140681875L, 39708149L, -1898006574L, 
-1040563168L, 1591907849L, 1733168955L, -2031402356L, 1141217050L, 
1151515023L, 1948784345L, -1435354770L, 402425084L, 656186989L, 
-1395189225L, -1606709280L, -1019180098L, 520972683L, -1727596019L, 
-316803526L, 1242635896L, -311716319L, 2099505363L, 235050996L, 
-1003683710L, 801724695L, -1681821727L, 1463937318L, 1687308324L, 
1858874069L, -32631169L, -808282344L, -881584586L, 1509533891L, 
1446446341L, -90379102L, -11062640L, -1952686535L, 862854891L, 
-669278244L, 210543114L, 1611293951L, 1296642377L, -1639603490L, 
-2069213044L, -337164195L, 1559029351L, -324692080L, -423167058L, 
-1977564581L, -606290371L, 701784234L, -2090024632L, 1256244593L, 
-702696733L, -226215452L, 2009838866L, -2051061529L, -2002235727L, 
